1000	1001
1000	1002
1000	1003
1000	1004
1000	1005
1001	1002
1001	1003
1001	1004
1001	1005
1002	1003
1002	1004
1002	1005
1003	1004
1003	1005
1004	1005
1006	1007
1006	1008
1006	1009
1007	1008
1007	1009
1008	1009
1010	1011
1010	1012
1010	1013
1010	1014
1010	1015
1011	1012
1011	1013
1011	1014
1011	1015
1012	1013
1012	1014
1012	1015
1013	1014
1013	1015
1014	1015
1016	1017
1016	1018
1016	1019
1017	1018
1017	1019
1018	1019
1020	1021
1020	1022
1020	1023
1020	1024
1020	1025
1021	1022
1021	1023
1021	1024
1021	1025
1022	1023
1022	1024
1022	1025
1023	1024
1023	1025
1024	1025
1026	1027
1026	1028
1026	1029
1026	1030
1026	1031
1027	1028
1027	1029
1027	1030
1027	1031
1028	1029
1028	1030
1028	1031
1029	1030
1029	1031
1030	1031
1032	1033
1032	1034
1032	1035
1032	1036
1032	1037
1033	1034
1033	1035
1033	1036
1033	1037
1034	1035
1034	1036
1034	1037
1035	1036
1035	1037
1036	1037
1038	1039
1038	1040
1038	1041
1038	1017
1038	1042
1039	1040
1039	1041
1039	1017
1039	1042
1040	1041
1040	1017
1040	1042
1041	1017
1041	1042
1017	1042
1043	1044
1043	1045
1043	1046
1043	1047
1043	1048
1044	1045
1044	1046
1044	1047
1044	1048
1045	1046
1045	1047
1045	1048
1046	1047
1046	1048
1047	1048
1049	1050
1049	1051
1049	1052
1049	1053
1049	1054
1050	1051
1050	1052
1050	1053
1050	1054
1051	1052
1051	1053
1051	1054
1052	1053
1052	1054
1053	1054
1055	1056
1055	1057
1055	1058
1055	1059
1055	1060
1056	1057
1056	1058
1056	1059
1056	1060
1057	1058
1057	1059
1057	1060
1058	1059
1058	1060
1059	1060
1061	1062
1061	1063
1061	1064
1061	1065
1061	1066
1062	1063
1062	1064
1062	1065
1062	1066
1063	1064
1063	1065
1063	1066
1064	1065
1064	1066
1065	1066
1067	1068
1067	1069
1067	1070
1067	1071
1068	1069
1068	1070
1068	1071
1069	1070
1069	1071
1070	1071
1072	1073
1072	1074
1072	1075
1073	1074
1073	1075
1074	1075
1076	1077
1076	1078
1076	1079
1076	1080
1076	1081
1077	1078
1077	1079
1077	1080
1077	1081
1078	1079
1078	1080
1078	1081
1079	1080
1079	1081
1080	1081
1082	1083
1082	1084
1082	1085
1082	1086
1082	1087
1083	1084
1083	1085
1083	1086
1083	1087
1084	1085
1084	1086
1084	1087
1085	1086
1085	1087
1086	1087
1088	1089
1088	1090
1088	1091
1088	1092
1088	1093
1089	1090
1089	1091
1089	1092
1089	1093
1090	1091
1090	1092
1090	1093
1091	1092
1091	1093
1092	1093
1094	1095
1096	1097
1096	1098
1096	1099
1096	1100
1096	1101
1097	1098
1097	1099
1097	1100
1097	1101
1098	1099
1098	1100
1098	1101
1099	1100
1099	1101
1100	1101
1102	1103
1102	1104
1102	1105
1102	1106
1102	1107
1103	1104
1103	1105
1103	1106
1103	1107
1104	1105
1104	1106
1104	1107
1105	1106
1105	1107
1106	1107
1109	1110
1109	1111
1109	1112
1109	1113
1109	1114
1110	1111
1110	1112
1110	1113
1110	1114
1111	1112
1111	1113
1111	1114
1112	1113
1112	1114
1113	1114
1115	1116
1115	1117
1115	1118
1115	1119
1116	1117
1116	1118
1116	1119
1117	1118
1117	1119
1118	1119
1120	1121
1120	1122
1120	1123
1120	1124
1121	1122
1121	1123
1121	1124
1122	1123
1122	1124
1123	1124
1125	1126
1125	1127
1125	1128
1125	1129
1125	1130
1126	1127
1126	1128
1126	1129
1126	1130
1127	1128
1127	1129
1127	1130
1128	1129
1128	1130
1129	1130
1131	1132
1131	1133
1132	1133
1134	1135
1134	1136
1134	1137
1134	1138
1135	1136
1135	1137
1135	1138
1136	1137
1136	1138
1137	1138
1106	1139
1106	1140
1139	1140
1141	1142
1141	1143
1141	1144
1141	1145
1141	1146
1142	1143
1142	1144
1142	1145
1142	1146
1143	1144
1143	1145
1143	1146
1144	1145
1144	1146
1145	1146
1147	1148
1149	1150
1151	1144
1151	1152
1151	1153
1151	1154
1151	1155
1144	1152
1144	1153
1144	1154
1144	1155
1152	1153
1152	1154
1152	1155
1153	1154
1153	1155
1154	1155
1156	1157
1156	1158
1156	1159
1156	1160
1156	1161
1157	1158
1157	1159
1157	1160
1157	1161
1158	1159
1158	1160
1158	1161
1159	1160
1159	1161
1160	1161
1162	1163
1162	1164
1163	1164
1165	1166
1165	1167
1165	1168
1165	1169
1165	1170
1166	1167
1166	1168
1166	1169
1166	1170
1167	1168
1167	1169
1167	1170
1168	1169
1168	1170
1169	1170
1171	1172
1173	1174
1173	1175
1173	1176
1173	1177
1173	1178
1174	1175
1174	1176
1174	1177
1174	1178
1175	1176
1175	1177
1175	1178
1176	1177
1176	1178
1177	1178
1179	1180
1179	1181
1179	1182
1180	1181
1180	1182
1181	1182
1183	1134
1183	1184
1183	1185
1183	1186
1134	1184
1134	1185
1134	1186
1184	1185
1184	1186
1185	1186
1187	1188
1187	1189
1187	1164
1188	1189
1188	1164
1189	1164
1190	1191
1190	1192
1190	1193
1190	1194
1190	1195
1191	1192
1191	1193
1191	1194
1191	1195
1192	1193
1192	1194
1192	1195
1193	1194
1193	1195
1194	1195
1196	1197
1198	1199
1198	1200
1198	1201
1198	1202
1198	1203
1199	1200
1199	1201
1199	1202
1199	1203
1200	1201
1200	1202
1200	1203
1201	1202
1201	1203
1202	1203
1204	1205
1204	1206
1204	1207
1204	1208
1204	1209
1205	1206
1205	1207
1205	1208
1205	1209
1206	1207
1206	1208
1206	1209
1207	1208
1207	1209
1208	1209
1204	1210
1204	1211
1204	1207
1204	1212
1204	1213
1210	1211
1210	1207
1210	1212
1210	1213
1211	1207
1211	1212
1211	1213
1207	1212
1207	1213
1212	1213
1214	1215
1214	1193
1214	1216
1214	1217
1214	1218
1215	1193
1215	1216
1215	1217
1215	1218
1193	1216
1193	1217
1193	1218
1216	1217
1216	1218
1217	1218
1219	1220
1219	1221
1220	1221
1222	1223
1222	1224
1222	1225
1222	1226
1222	1227
1223	1224
1223	1225
1223	1226
1223	1227
1224	1225
1224	1226
1224	1227
1225	1226
1225	1227
1226	1227
1054	1228
1054	1229
1054	1230
1054	1231
1054	1232
1228	1229
1228	1230
1228	1231
1228	1232
1229	1230
1229	1231
1229	1232
1230	1231
1230	1232
1231	1232
1233	1234
1236	1237
1236	1238
1236	1239
1236	1240
1236	1241
1237	1238
1237	1239
1237	1240
1237	1241
1238	1239
1238	1240
1238	1241
1239	1240
1239	1241
1240	1241
1242	1243
1242	1244
1242	1245
1242	1246
1242	1213
1243	1244
1243	1245
1243	1246
1243	1213
1244	1245
1244	1246
1244	1213
1245	1246
1245	1213
1246	1213
1247	1248
1247	1249
1247	1250
1247	1251
1247	1252
1248	1249
1248	1250
1248	1251
1248	1252
1249	1250
1249	1251
1249	1252
1250	1251
1250	1252
1251	1252
1253	1254
1253	1255
1253	1256
1253	1236
1253	1257
1254	1255
1254	1256
1254	1236
1254	1257
1255	1256
1255	1236
1255	1257
1256	1236
1256	1257
1236	1257
1258	1259
1258	1260
1258	1261
1258	1262
1258	1263
1259	1260
1259	1261
1259	1262
1259	1263
1260	1261
1260	1262
1260	1263
1261	1262
1261	1263
1262	1263
1264	1265
1264	1266
1264	1267
1264	1268
1264	1269
1265	1266
1265	1267
1265	1268
1265	1269
1266	1267
1266	1268
1266	1269
1267	1268
1267	1269
1268	1269
1270	1271
1247	1272
1273	1257
1273	1274
1273	1275
1273	1276
1273	1277
1257	1274
1257	1275
1257	1276
1257	1277
1274	1275
1274	1276
1274	1277
1275	1276
1275	1277
1276	1277
1278	1279
1278	1280
1278	1281
1278	1282
1278	1271
1279	1280
1279	1281
1279	1282
1279	1271
1280	1281
1280	1282
1280	1271
1281	1282
1281	1271
1282	1271
1283	1284
1283	1285
1283	1286
1283	1287
1283	1288
1284	1285
1284	1286
1284	1287
1284	1288
1285	1286
1285	1287
1285	1288
1286	1287
1286	1288
1287	1288
1289	1290
1291	1292
1293	1294
1293	1295
1293	1296
1294	1295
1294	1296
1295	1296
1291	1297
1298	1299
1298	1300
1298	1301
1298	1302
1298	1303
1299	1300
1299	1301
1299	1302
1299	1303
1300	1301
1300	1302
1300	1303
1301	1302
1301	1303
1302	1303
1297	1291
1304	1305
1304	1306
1304	1307
1304	1308
1304	1309
1305	1306
1305	1307
1305	1308
1305	1309
1306	1307
1306	1308
1306	1309
1307	1308
1307	1309
1308	1309
1295	1310
1295	1311
1310	1311
1312	1313
1312	1314
1312	1315
1312	1316
1312	1317
1313	1314
1313	1315
1313	1316
1313	1317
1314	1315
1314	1316
1314	1317
1315	1316
1315	1317
1316	1317
1291	1292
1291	1318
1292	1318
1319	1320
1319	1321
1319	1322
1319	1323
1319	1324
1320	1321
1320	1322
1320	1323
1320	1324
1321	1322
1321	1323
1321	1324
1322	1323
1322	1324
1323	1324
1325	1326
1325	1327
1325	1328
1325	1329
1325	1330
1326	1327
1326	1328
1326	1329
1326	1330
1327	1328
1327	1329
1327	1330
1328	1329
1328	1330
1329	1330
1331	1332
1331	1333
1332	1333
1334	1296
1334	1292
1334	1335
1334	1336
1334	1337
1296	1292
1296	1335
1296	1336
1296	1337
1292	1335
1292	1336
1292	1337
1335	1336
1335	1337
1336	1337
1291	1338
1339	1340
1339	1341
1339	1342
1339	1343
1339	1344
1340	1341
1340	1342
1340	1343
1340	1344
1341	1342
1341	1343
1341	1344
1342	1343
1342	1344
1343	1344
1345	1346
1345	1347
1345	1348
1345	1349
1345	1350
1346	1347
1346	1348
1346	1349
1346	1350
1347	1348
1347	1349
1347	1350
1348	1349
1348	1350
1349	1350
1351	1352
1351	1353
1352	1353
1354	1355
1354	1071
1354	1356
1354	1357
1355	1071
1355	1356
1355	1357
1071	1356
1071	1357
1356	1357
1358	1359
1358	1360
1358	1361
1358	1362
1358	1363
1359	1360
1359	1361
1359	1362
1359	1363
1360	1361
1360	1362
1360	1363
1361	1362
1361	1363
1362	1363
1364	1365
1364	1366
1364	1367
1364	1368
1364	1369
1365	1366
1365	1367
1365	1368
1365	1369
1366	1367
1366	1368
1366	1369
1367	1368
1367	1369
1368	1369
1370	1371
1370	1372
1370	1373
1370	1374
1370	1375
1371	1372
1371	1373
1371	1374
1371	1375
1372	1373
1372	1374
1372	1375
1373	1374
1373	1375
1374	1375
1376	1377
1376	1378
1376	1379
1376	1380
1376	1381
1377	1378
1377	1379
1377	1380
1377	1381
1378	1379
1378	1380
1378	1381
1379	1380
1379	1381
1380	1381
1382	1383
1382	1384
1382	1385
1382	1386
1382	1387
1383	1384
1383	1385
1383	1386
1383	1387
1384	1385
1384	1386
1384	1387
1385	1386
1385	1387
1386	1387
1386	1383
1386	1388
1386	1071
1386	1389
1386	1390
1383	1388
1383	1071
1383	1389
1383	1390
1388	1071
1388	1389
1388	1390
1071	1389
1071	1390
1389	1390
1391	1392
1391	1393
1391	1394
1391	1395
1391	1396
1392	1393
1392	1394
1392	1395
1392	1396
1393	1394
1393	1395
1393	1396
1394	1395
1394	1396
1395	1396
1397	1374
1397	1398
1374	1398
1399	1400
1399	1401
1399	1402
1399	1403
1399	1387
1400	1401
1400	1402
1400	1403
1400	1387
1401	1402
1401	1403
1401	1387
1402	1403
1402	1387
1403	1387
1404	1405
1404	1406
1404	1407
1405	1406
1405	1407
1406	1407
1408	1388
1408	1409
1408	1410
1408	1411
1408	1048
1388	1409
1388	1410
1388	1411
1388	1048
1409	1410
1409	1411
1409	1048
1410	1411
1410	1048
1411	1048
1412	1413
1412	1414
1412	1415
1412	1416
1412	1417
1413	1414
1413	1415
1413	1416
1413	1417
1414	1415
1414	1416
1414	1417
1415	1416
1415	1417
1416	1417
1418	1419
1418	1420
1418	1421
1418	1422
1418	1423
1419	1420
1419	1421
1419	1422
1419	1423
1420	1421
1420	1422
1420	1423
1421	1422
1421	1423
1422	1423
1424	1425
1424	1426
1424	1427
1424	1428
1424	1429
1425	1426
1425	1427
1425	1428
1425	1429
1426	1427
1426	1428
1426	1429
1427	1428
1427	1429
1428	1429
1431	1432
1431	1433
1431	1434
1432	1433
1432	1434
1433	1434
1000	1435
1000	1436
1000	1149
1000	1437
1000	1438
1435	1436
1435	1149
1435	1437
1435	1438
1436	1149
1436	1437
1436	1438
1149	1437
1149	1438
1437	1438
1251	1128
1251	1439
1251	1430
1251	1440
1251	1441
1128	1439
1128	1430
1128	1440
1128	1441
1439	1430
1439	1440
1439	1441
1430	1440
1430	1441
1440	1441
1442	1443
1442	1444
1442	1445
1442	1446
1442	1447
1443	1444
1443	1445
1443	1446
1443	1447
1444	1445
1444	1446
1444	1447
1445	1446
1445	1447
1446	1447
1448	1449
1448	1450
1448	1451
1448	1452
1448	1453
1449	1450
1449	1451
1449	1452
1449	1453
1450	1451
1450	1452
1450	1453
1451	1452
1451	1453
1452	1453
1454	1455
1456	1457
1456	1458
1456	1459
1456	1460
1456	1461
1457	1458
1457	1459
1457	1460
1457	1461
1458	1459
1458	1460
1458	1461
1459	1460
1459	1461
1460	1461
1462	1463
1464	1465
1464	1466
1464	1467
1465	1466
1465	1467
1466	1467
1291	1318
1291	1468
1291	1469
1318	1468
1318	1469
1468	1469
1471	1472
1471	1473
1471	1474
1472	1473
1472	1474
1473	1474
1049	1475
1049	1476
1049	1477
1475	1476
1475	1477
1476	1477
1478	1479
1478	1480
1478	1481
1478	1482
1478	1483
1479	1480
1479	1481
1479	1482
1479	1483
1480	1481
1480	1482
1480	1483
1481	1482
1481	1483
1482	1483
1484	1485
1484	1486
1484	1487
1484	1488
1484	1252
1485	1486
1485	1487
1485	1488
1485	1252
1486	1487
1486	1488
1486	1252
1487	1488
1487	1252
1488	1252
1489	1267
1489	1490
1489	1491
1489	1492
1489	1493
1267	1490
1267	1491
1267	1492
1267	1493
1490	1491
1490	1492
1490	1493
1491	1492
1491	1493
1492	1493
1494	1495
1494	1496
1494	1497
1494	1498
1494	1499
1495	1496
1495	1497
1495	1498
1495	1499
1496	1497
1496	1498
1496	1499
1497	1498
1497	1499
1498	1499
1000	1500
1000	1501
1000	1502
1000	1503
1000	1504
1500	1501
1500	1502
1500	1503
1500	1504
1501	1502
1501	1503
1501	1504
1502	1503
1502	1504
1503	1504
1505	1506
1505	1507
1505	1508
1505	1509
1505	1510
1506	1507
1506	1508
1506	1509
1506	1510
1507	1508
1507	1509
1507	1510
1508	1509
1508	1510
1509	1510
1506	1476
1511	1512
1513	1514
1513	1515
1514	1515
1476	1516
1517	1518
1517	1489
1517	1030
1517	1519
1517	1520
1518	1489
1518	1030
1518	1519
1518	1520
1489	1030
1489	1519
1489	1520
1030	1519
1030	1520
1519	1520
1521	1363
1521	1522
1521	1523
1521	1524
1521	1525
1363	1522
1363	1523
1363	1524
1363	1525
1522	1523
1522	1524
1522	1525
1523	1524
1523	1525
1524	1525
1526	1527
1526	1528
1526	1323
1527	1528
1527	1323
1528	1323
1529	1530
1529	1531
1529	1220
1529	1532
1529	1533
1530	1531
1530	1220
1530	1532
1530	1533
1531	1220
1531	1532
1531	1533
1220	1532
1220	1533
1532	1533
1534	1535
1534	1536
1534	1537
1534	1538
1534	1526
1535	1536
1535	1537
1535	1538
1535	1526
1536	1537
1536	1538
1536	1526
1537	1538
1537	1526
1538	1526
1539	1540
1539	1541
1539	1542
1539	1543
1540	1541
1540	1542
1540	1543
1541	1542
1541	1543
1542	1543
1544	1545
1526	1546
1526	1547
1526	1548
1546	1547
1546	1548
1547	1548
1549	1550
1549	1514
1549	1551
1549	1552
1549	1553
1550	1514
1550	1551
1550	1552
1550	1553
1514	1551
1514	1552
1514	1553
1551	1552
1551	1553
1552	1553
1554	1555
1554	1556
1554	1557
1554	1558
1554	1559
1555	1556
1555	1557
1555	1558
1555	1559
1556	1557
1556	1558
1556	1559
1557	1558
1557	1559
1558	1559
1560	1561
1562	1563
1562	1564
1563	1564
1565	1566
1565	1567
1565	1568
1565	1569
1565	1570
1566	1567
1566	1568
1566	1569
1566	1570
1567	1568
1567	1569
1567	1570
1568	1569
1568	1570
1569	1570
1571	1535
1571	1572
1571	1573
1571	1574
1571	1575
1535	1572
1535	1573
1535	1574
1535	1575
1572	1573
1572	1574
1572	1575
1573	1574
1573	1575
1574	1575
1576	1577
1576	1578
1576	1579
1576	1580
1576	1581
1577	1578
1577	1579
1577	1580
1577	1581
1578	1579
1578	1580
1578	1581
1579	1580
1579	1581
1580	1581
1582	1583
1582	1584
1582	1585
1582	1586
1582	1587
1583	1584
1583	1585
1583	1586
1583	1587
1584	1585
1584	1586
1584	1587
1585	1586
1585	1587
1586	1587
1588	1589
1588	1590
1588	1591
1588	1592
1588	1593
1589	1590
1589	1591
1589	1592
1589	1593
1590	1591
1590	1592
1590	1593
1591	1592
1591	1593
1592	1593
1594	1070
1595	1070
1595	1596
1595	1588
1070	1596
1070	1588
1596	1588
1597	1598
1597	1599
1598	1599
1601	1602
1601	1603
1601	1604
1602	1603
1602	1604
1603	1604
1605	1606
1605	1607
1605	1608
1605	1609
1605	1610
1606	1607
1606	1608
1606	1609
1606	1610
1607	1608
1607	1609
1607	1610
1608	1609
1608	1610
1609	1610
1612	1613
1612	1614
1612	1598
1612	1597
1612	1615
1613	1614
1613	1598
1613	1597
1613	1615
1614	1598
1614	1597
1614	1615
1598	1597
1598	1615
1597	1615
1616	1617
1616	1618
1616	1619
1616	1302
1616	1497
1617	1618
1617	1619
1617	1302
1617	1497
1618	1619
1618	1302
1618	1497
1619	1302
1619	1497
1302	1497
1620	1593
1620	1303
1620	1618
1620	1616
1620	1621
1593	1303
1593	1618
1593	1616
1593	1621
1303	1618
1303	1616
1303	1621
1618	1616
1618	1621
1616	1621
1622	1623
1622	1624
1622	1625
1622	1626
1622	1627
1623	1624
1623	1625
1623	1626
1623	1627
1624	1625
1624	1626
1624	1627
1625	1626
1625	1627
1626	1627
1622	1628
1622	1627
1622	1629
1622	1630
1622	1631
1628	1627
1628	1629
1628	1630
1628	1631
1627	1629
1627	1630
1627	1631
1629	1630
1629	1631
1630	1631
1632	1622
1632	1535
1632	1527
1632	1633
1632	1634
1622	1535
1622	1527
1622	1633
1622	1634
1535	1527
1535	1633
1535	1634
1527	1633
1527	1634
1633	1634
1635	1636
1637	1638
1637	1554
1637	1639
1637	1640
1637	1641
1638	1554
1638	1639
1638	1640
1638	1641
1554	1639
1554	1640
1554	1641
1639	1640
1639	1641
1640	1641
1479	1642
1479	1643
1479	1644
1479	1645
1479	1646
1642	1643
1642	1644
1642	1645
1642	1646
1643	1644
1643	1645
1643	1646
1644	1645
1644	1646
1645	1646
1647	1648
1647	1649
1647	1650
1647	1651
1648	1649
1648	1650
1648	1651
1649	1650
1649	1651
1650	1651
1653	1654
1653	1492
1653	1655
1653	1656
1653	1657
1654	1492
1654	1655
1654	1656
1654	1657
1492	1655
1492	1656
1492	1657
1655	1656
1655	1657
1656	1657
1658	1659
1658	1660
1659	1660
1661	1662
1349	1663
1349	1664
1349	1665
1349	1666
1663	1664
1663	1665
1663	1666
1664	1665
1664	1666
1665	1666
1667	1668
1670	1671
1670	1672
1670	1673
1671	1672
1671	1673
1672	1673
1234	1674
1363	1675
1363	1676
1363	1677
1363	1360
1363	1358
1675	1676
1675	1677
1675	1360
1675	1358
1676	1677
1676	1360
1676	1358
1677	1360
1677	1358
1360	1358
1226	1679
1680	1681
1680	1682
1680	1683
1680	1684
1681	1682
1681	1683
1681	1684
1682	1683
1682	1684
1683	1684
1687	1688
1687	1689
1687	1690
1687	1691
1687	1692
1688	1689
1688	1690
1688	1691
1688	1692
1689	1690
1689	1691
1689	1692
1690	1691
1690	1692
1691	1692
1694	1695
1694	1696
1694	1697
1695	1696
1695	1697
1696	1697
1652	1698
1652	1699
1652	1700
1652	1701
1652	1702
1698	1699
1698	1700
1698	1701
1698	1702
1699	1700
1699	1701
1699	1702
1700	1701
1700	1702
1701	1702
1703	1704
1703	1705
1703	1706
1703	1707
1703	1708
1704	1705
1704	1706
1704	1707
1704	1708
1705	1706
1705	1707
1705	1708
1706	1707
1706	1708
1707	1708
1711	1712
1713	1714
1715	1716
1715	1717
1715	1718
1715	1719
1716	1717
1716	1718
1716	1719
1717	1718
1717	1719
1718	1719
1720	1721
1720	1722
1720	1723
1720	1724
1721	1722
1721	1723
1721	1724
1722	1723
1722	1724
1723	1724
1725	1726
1727	1728
1729	1730
1729	1483
1729	1326
1729	1161
1730	1483
1730	1326
1730	1161
1483	1326
1483	1161
1326	1161
1731	1732
1731	1733
1731	1734
1731	1735
1731	1736
1732	1733
1732	1734
1732	1735
1732	1736
1733	1734
1733	1735
1733	1736
1734	1735
1734	1736
1735	1736
1737	1157
1737	1738
1737	1739
1737	1740
1157	1738
1157	1739
1157	1740
1738	1739
1738	1740
1739	1740
1742	1743
1742	1744
1742	1745
1742	1746
1743	1744
1743	1745
1743	1746
1744	1745
1744	1746
1745	1746
1747	1748
1747	1722
1747	1744
1747	1723
1747	1749
1748	1722
1748	1744
1748	1723
1748	1749
1722	1744
1722	1723
1722	1749
1744	1723
1744	1749
1723	1749
1750	1751
1750	1752
1750	1753
1750	1727
1750	1724
1751	1752
1751	1753
1751	1727
1751	1724
1752	1753
1752	1727
1752	1724
1753	1727
1753	1724
1727	1724
1754	1755
1756	1757
1754	1758
1754	1759
1754	1760
1758	1759
1758	1760
1759	1760
1754	1758
1754	1760
1754	1759
1758	1760
1758	1759
1760	1759
1756	1761
1754	1756
1762	1763
1762	1764
1762	1765
1762	1766
1762	1767
1763	1764
1763	1765
1763	1766
1763	1767
1764	1765
1764	1766
1764	1767
1765	1766
1765	1767
1766	1767
1768	1769
1768	1770
1768	1771
1768	1772
1768	1773
1769	1770
1769	1771
1769	1772
1769	1773
1770	1771
1770	1772
1770	1773
1771	1772
1771	1773
1772	1773
1774	1258
1774	1311
1774	1775
1774	1776
1774	1338
1258	1311
1258	1775
1258	1776
1258	1338
1311	1775
1311	1776
1311	1338
1775	1776
1775	1338
1776	1338
1754	1777
1778	1779
1778	1780
1778	1781
1778	1782
1778	1783
1779	1780
1779	1781
1779	1782
1779	1783
1780	1781
1780	1782
1780	1783
1781	1782
1781	1783
1782	1783
1311	1776
1311	1338
1311	1784
1311	1691
1311	1258
1776	1338
1776	1784
1776	1691
1776	1258
1338	1784
1338	1691
1338	1258
1784	1691
1784	1258
1691	1258
1785	1786
1785	1691
1785	1787
1785	1328
1785	1788
1786	1691
1786	1787
1786	1328
1786	1788
1691	1787
1691	1328
1691	1788
1787	1328
1787	1788
1328	1788
1311	1789
1311	1790
1311	1791
1311	1792
1311	1793
1789	1790
1789	1791
1789	1792
1789	1793
1790	1791
1790	1792
1790	1793
1791	1792
1791	1793
1792	1793
1794	1338
1794	1776
1794	1795
1794	1691
1794	1796
1338	1776
1338	1795
1338	1691
1338	1796
1776	1795
1776	1691
1776	1796
1795	1691
1795	1796
1691	1796
1797	1657
1797	1798
1797	1799
1797	1800
1797	1801
1657	1798
1657	1799
1657	1800
1657	1801
1798	1799
1798	1800
1798	1801
1799	1800
1799	1801
1800	1801
1257	1802
1257	1803
1257	1804
1257	1656
1257	1805
1802	1803
1802	1804
1802	1656
1802	1805
1803	1804
1803	1656
1803	1805
1804	1656
1804	1805
1656	1805
1806	1254
1806	1271
1806	1257
1806	1807
1806	1273
1254	1271
1254	1257
1254	1807
1254	1273
1271	1257
1271	1807
1271	1273
1257	1807
1257	1273
1807	1273
1808	1115
1808	1809
1808	1810
1808	1490
1808	1811
1115	1809
1115	1810
1115	1490
1115	1811
1809	1810
1809	1490
1809	1811
1810	1490
1810	1811
1490	1811
1165	1812
1165	1813
1165	1253
1165	1656
1165	1814
1812	1813
1812	1253
1812	1656
1812	1814
1813	1253
1813	1656
1813	1814
1253	1656
1253	1814
1656	1814
1815	1816
1815	1817
1815	1818
1816	1817
1816	1818
1817	1818
1819	1820
1819	1821
1819	1822
1819	1823
1819	1824
1820	1821
1820	1822
1820	1823
1820	1824
1821	1822
1821	1823
1821	1824
1822	1823
1822	1824
1823	1824
1825	1826
1825	1827
1825	1828
1825	1829
1825	1830
1826	1827
1826	1828
1826	1829
1826	1830
1827	1828
1827	1829
1827	1830
1828	1829
1828	1830
1829	1830
1264	1831
1264	1832
1264	1833
1264	1834
1264	1835
1831	1832
1831	1833
1831	1834
1831	1835
1832	1833
1832	1834
1832	1835
1833	1834
1833	1835
1834	1835
1836	1837
1836	1838
1837	1838
1840	1011
1840	1841
1840	1842
1840	1843
1840	1844
1011	1841
1011	1842
1011	1843
1011	1844
1841	1842
1841	1843
1841	1844
1842	1843
1842	1844
1843	1844
1845	1846
1845	1847
1845	1848
1845	1849
1845	1850
1846	1847
1846	1848
1846	1849
1846	1850
1847	1848
1847	1849
1847	1850
1848	1849
1848	1850
1849	1850
1851	1852
1851	1205
1851	1853
1851	1245
1851	1243
1852	1205
1852	1853
1852	1245
1852	1243
1205	1853
1205	1245
1205	1243
1853	1245
1853	1243
1245	1243
1854	1855
1011	1856
1011	1857
1011	1858
1011	1859
1011	1860
1856	1857
1856	1858
1856	1859
1856	1860
1857	1858
1857	1859
1857	1860
1858	1859
1858	1860
1859	1860
1861	1443
1862	1863
1862	1864
1862	1865
1862	1866
1862	1867
1863	1864
1863	1865
1863	1866
1863	1867
1864	1865
1864	1866
1864	1867
1865	1866
1865	1867
1866	1867
1868	1869
1868	1870
1868	1871
1868	1872
1868	1873
1869	1870
1869	1871
1869	1872
1869	1873
1870	1871
1870	1872
1870	1873
1871	1872
1871	1873
1872	1873
1874	1875
1874	1876
1874	1877
1874	1566
1874	1878
1875	1876
1875	1877
1875	1566
1875	1878
1876	1877
1876	1566
1876	1878
1877	1566
1877	1878
1566	1878
1879	1364
1879	1454
1879	1880
1364	1454
1364	1880
1454	1880
1881	1143
1881	1882
1881	1883
1881	1884
1881	1885
1143	1882
1143	1883
1143	1884
1143	1885
1882	1883
1882	1884
1882	1885
1883	1884
1883	1885
1884	1885
1886	1887
1886	1858
1886	1888
1886	1889
1886	1890
1887	1858
1887	1888
1887	1889
1887	1890
1858	1888
1858	1889
1858	1890
1888	1889
1888	1890
1889	1890
1891	1892
1891	1893
1891	1894
1891	1895
1891	1896
1892	1893
1892	1894
1892	1895
1892	1896
1893	1894
1893	1895
1893	1896
1894	1895
1894	1896
1895	1896
1897	1898
1897	1899
1897	1900
1898	1899
1898	1900
1899	1900
1901	1902
1901	1903
1901	1904
1901	1905
1901	1906
1902	1903
1902	1904
1902	1905
1902	1906
1903	1904
1903	1905
1903	1906
1904	1905
1904	1906
1905	1906
1907	1908
1907	1909
1907	1910
1907	1911
1907	1912
1908	1909
1908	1910
1908	1911
1908	1912
1909	1910
1909	1911
1909	1912
1910	1911
1910	1912
1911	1912
1913	1914
1913	1915
1913	1916
1913	1917
1913	1918
1914	1915
1914	1916
1914	1917
1914	1918
1915	1916
1915	1917
1915	1918
1916	1917
1916	1918
1917	1918
1915	1919
1915	1920
1915	1921
1915	1922
1915	1923
1919	1920
1919	1921
1919	1922
1919	1923
1920	1921
1920	1922
1920	1923
1921	1922
1921	1923
1922	1923
1924	1925
1924	1889
1924	1926
1925	1889
1925	1926
1889	1926
1927	1928
1927	1882
1927	1929
1927	1930
1927	1931
1928	1882
1928	1929
1928	1930
1928	1931
1882	1929
1882	1930
1882	1931
1929	1930
1929	1931
1930	1931
1932	1933
1932	1934
1932	1935
1932	1936
1932	1143
1933	1934
1933	1935
1933	1936
1933	1143
1934	1935
1934	1936
1934	1143
1935	1936
1935	1143
1936	1143
1937	1603
1937	1934
1937	1938
1937	1749
1937	1653
1603	1934
1603	1938
1603	1749
1603	1653
1934	1938
1934	1749
1934	1653
1938	1749
1938	1653
1749	1653
1939	1490
1939	1940
1939	1941
1939	1942
1939	1943
1490	1940
1490	1941
1490	1942
1490	1943
1940	1941
1940	1942
1940	1943
1941	1942
1941	1943
1942	1943
1944	1945
1944	1946
1944	1947
1944	1948
1944	1949
1945	1946
1945	1947
1945	1948
1945	1949
1946	1947
1946	1948
1946	1949
1947	1948
1947	1949
1948	1949
1950	1951
1950	1952
1950	1953
1950	1954
1951	1952
1951	1953
1951	1954
1952	1953
1952	1954
1953	1954
1097	1955
1097	1756
1097	1956
1097	1219
1097	1957
1955	1756
1955	1956
1955	1219
1955	1957
1756	1956
1756	1219
1756	1957
1956	1219
1956	1957
1219	1957
1958	1959
1958	1960
1958	1961
1958	1962
1958	1963
1959	1960
1959	1961
1959	1962
1959	1963
1960	1961
1960	1962
1960	1963
1961	1962
1961	1963
1962	1963
1964	1965
1964	1966
1964	1967
1964	1968
1964	1969
1965	1966
1965	1967
1965	1968
1965	1969
1966	1967
1966	1968
1966	1969
1967	1968
1967	1969
1968	1969
1970	1044
1970	1971
1970	1972
1970	1973
1970	1974
1044	1971
1044	1972
1044	1973
1044	1974
1971	1972
1971	1973
1971	1974
1972	1973
1972	1974
1973	1974
1975	1976
1975	1977
1975	1978
1975	1979
1975	1980
1976	1977
1976	1978
1976	1979
1976	1980
1977	1978
1977	1979
1977	1980
1978	1979
1978	1980
1979	1980
1981	1982
1981	1983
1981	1984
1981	1985
1981	1986
1982	1983
1982	1984
1982	1985
1982	1986
1983	1984
1983	1985
1983	1986
1984	1985
1984	1986
1985	1986
1987	1988
1987	1989
1988	1989
1990	1991
1990	1992
1990	1984
1990	1993
1990	1994
1991	1992
1991	1984
1991	1993
1991	1994
1992	1984
1992	1993
1992	1994
1984	1993
1984	1994
1993	1994
1917	1995
1996	1997
1996	1998
1996	1999
1997	1998
1997	1999
1998	1999
2000	1820
2000	2001
1820	2001
2002	2003
2002	2004
2002	2005
2003	2004
2003	2005
2004	2005
1762	2006
1762	2007
1762	2008
1762	1765
1762	2009
2006	2007
2006	2008
2006	1765
2006	2009
2007	2008
2007	1765
2007	2009
2008	1765
2008	2009
1765	2009
2010	2011
2010	2012
2010	2013
2010	2014
2010	2015
2011	2012
2011	2013
2011	2014
2011	2015
2012	2013
2012	2014
2012	2015
2013	2014
2013	2015
2014	2015
2016	2017
2018	2019
2020	2021
2020	2022
2020	1132
2020	2023
2021	2022
2021	1132
2021	2023
2022	1132
2022	2023
1132	2023
2024	1093
2024	2025
2024	2026
2024	2027
2024	2028
1093	2025
1093	2026
1093	2027
1093	2028
2025	2026
2025	2027
2025	2028
2026	2027
2026	2028
2027	2028
2029	2030
2029	2031
2029	2032
2029	2033
2029	2034
2030	2031
2030	2032
2030	2033
2030	2034
2031	2032
2031	2033
2031	2034
2032	2033
2032	2034
2033	2034
2035	2036
2035	2037
2035	2038
2035	2039
2035	2040
2036	2037
2036	2038
2036	2039
2036	2040
2037	2038
2037	2039
2037	2040
2038	2039
2038	2040
2039	2040
1766	2041
1766	2042
1766	2043
1766	2044
1766	2045
2041	2042
2041	2043
2041	2044
2041	2045
2042	2043
2042	2044
2042	2045
2043	2044
2043	2045
2044	2045
2047	2048
2047	2049
2047	2050
2048	2049
2048	2050
2049	2050
2051	2052
2051	2053
2051	1200
2051	2054
2051	2055
2052	2053
2052	1200
2052	2054
2052	2055
2053	1200
2053	2054
2053	2055
1200	2054
1200	2055
2054	2055
1851	1788
1851	2056
1851	2057
1851	2058
1851	2059
1788	2056
1788	2057
1788	2058
1788	2059
2056	2057
2056	2058
2056	2059
2057	2058
2057	2059
2058	2059
2060	2061
2060	1991
2060	2062
2061	1991
2061	2062
1991	2062
1012	2063
1012	2064
1012	1302
2063	2064
2063	1302
2064	1302
2065	2066
2065	2067
2065	2068
2065	2069
2065	2070
2066	2067
2066	2068
2066	2069
2066	2070
2067	2068
2067	2069
2067	2070
2068	2069
2068	2070
2069	2070
1446	2071
1446	2072
1446	2073
1446	2074
1446	2075
2071	2072
2071	2073
2071	2074
2071	2075
2072	2073
2072	2074
2072	2075
2073	2074
2073	2075
2074	2075
2076	2077
2076	2078
2076	2079
2076	1446
2077	2078
2077	2079
2077	1446
2078	2079
2078	1446
2079	1446
2061	2080
2061	2081
2061	2082
2061	2083
2061	2084
2080	2081
2080	2082
2080	2083
2080	2084
2081	2082
2081	2083
2081	2084
2082	2083
2082	2084
2083	2084
2085	2086
2087	2088
2087	2089
2087	2090
2087	2091
2087	2092
2088	2089
2088	2090
2088	2091
2088	2092
2089	2090
2089	2091
2089	2092
2090	2091
2090	2092
2091	2092
1071	2093
1071	2094
1071	2095
1071	2096
1071	2097
2093	2094
2093	2095
2093	2096
2093	2097
2094	2095
2094	2096
2094	2097
2095	2096
2095	2097
2096	2097
2098	2099
2098	2100
2098	2101
2098	1357
2098	1988
2099	2100
2099	2101
2099	1357
2099	1988
2100	2101
2100	1357
2100	1988
2101	1357
2101	1988
1357	1988
2102	1048
2102	2103
2102	1045
2102	2104
2102	2105
1048	2103
1048	1045
1048	2104
1048	2105
2103	1045
2103	2104
2103	2105
1045	2104
1045	2105
2104	2105
1932	2106
1932	2107
1932	2108
1932	2109
1932	2110
2106	2107
2106	2108
2106	2109
2106	2110
2107	2108
2107	2109
2107	2110
2108	2109
2108	2110
2109	2110
2111	1813
2111	2112
2111	1254
2111	2113
2111	1271
1813	2112
1813	1254
1813	2113
1813	1271
2112	1254
2112	2113
2112	1271
1254	2113
1254	1271
2113	1271
1653	2114
1653	2115
1653	2116
1653	2117
1653	2118
2114	2115
2114	2116
2114	2117
2114	2118
2115	2116
2115	2117
2115	2118
2116	2117
2116	2118
2117	2118
2120	2121
2120	2122
2120	2123
2120	1799
2120	2124
2121	2122
2121	2123
2121	1799
2121	2124
2122	2123
2122	1799
2122	2124
2123	1799
2123	2124
1799	2124
1000	2125
1000	2126
1000	2127
1000	2128
1000	2129
2125	2126
2125	2127
2125	2128
2125	2129
2126	2127
2126	2128
2126	2129
2127	2128
2127	2129
2128	2129
2130	2131
2130	2132
2130	1101
2130	2133
2130	2134
2131	2132
2131	1101
2131	2133
2131	2134
2132	1101
2132	2133
2132	2134
1101	2133
1101	2134
2133	2134
2135	2136
2135	2137
2135	2138
2135	2139
2135	2140
2136	2137
2136	2138
2136	2139
2136	2140
2137	2138
2137	2139
2137	2140
2138	2139
2138	2140
2139	2140
2141	2142
2141	2133
2141	2143
2141	2144
2141	2145
2142	2133
2142	2143
2142	2144
2142	2145
2133	2143
2133	2144
2133	2145
2143	2144
2143	2145
2144	2145
1206	2146
1206	1816
1206	2147
1206	2148
1206	1030
2146	1816
2146	2147
2146	2148
2146	1030
1816	2147
1816	2148
1816	1030
2147	2148
2147	1030
2148	1030
2149	2150
2149	2151
2149	2152
2149	1677
2149	2153
2150	2151
2150	2152
2150	1677
2150	2153
2151	2152
2151	1677
2151	2153
2152	1677
2152	2153
1677	2153
1001	1004
1001	2154
1001	2155
1001	2156
1001	2157
1004	2154
1004	2155
1004	2156
1004	2157
2154	2155
2154	2156
2154	2157
2155	2156
2155	2157
2156	2157
1156	2158
1156	2159
1156	2160
1156	2161
1156	2162
2158	2159
2158	2160
2158	2161
2158	2162
2159	2160
2159	2161
2159	2162
2160	2161
2160	2162
2161	2162
